44 666
20 20 1120 20 0
1120 20 1120 620 1
1120 620 20 620 0
20 620 20 20 1
20 120 120 120 0
120 220 120 320 1
120 320 120 420 1
120 420 220 420 0
220 420 220 520 1
220 520 120 520 0
220 20 220 120 1
220 220 320 220 0
420 320 320 320 0
320 420 420 420 0
420 420 420 520 1
420 520 320 520 0
420 120 520 120 0
520 120 520 220 1
620 320 620 420 1
620 420 620 520 1
620 520 720 520 0
820 520 920 520 0
920 520 1020 520 0
1020 520 1020 420 1
1020 420 1020 320 1
1020 320 920 320 0
920 320 920 220 1
920 220 1020 220 0
1020 220 1020 120 1
1020 120 920 120 0
820 120 820 220 1
820 220 720 220 0
720 220 620 220 0
720 120 620 120 0
620 320 520 320 0
520 320 520 420 1
520 420 520 520 1
620 320 720 320 0
720 320 720 420 1
820 420 920 420 0
220 420 220 320 1
420 320 420 220 1
820 420 820 320 1
220 120 320 120 0
279 372 2 4.223697
1 0 0 0
0
0 0 0 0.000000 0 0
0 0 0 0.000000 0 0
0 0 0 0.000000 0 0
0 0 0 0.000000 0 0
0 0 0 0.000000 0 0
0 0 0 0.000000 0 0
0 0 0 0.000000 0 0
0 0 0 0.000000 0 0
0 0 0 0.000000 0 0
0 381 373 3.159046 0 214
0 399 331 6.475171 0 0
0 0 0 0.000000 0 0
0 0 0 0.000000 0 0
0 0 0 0.000000 0 0
0 0 0 0.000000 0 0
255 50 50
866 573 1 3.089232
1 0 0 0
0
0 0 0 0.000000 0 0
0 0 0 0.000000 0 0
0 0 0 0.000000 0 0
0 0 0 0.000000 0 0
0 0 0 0.000000 0 0
0 0 0 0.000000 0 0
0 0 0 0.000000 0 0
0 0 0 0.000000 0 0
0 0 0 0.000000 0 0
0 486 574 3.089232 1 210
0 549 574 3.089232 1 217
0 603 574 3.089232 1 223
0 648 574 3.089232 1 228
0 0 0 0.000000 0 0
0 0 0 0.000000 0 0
50 255 50
374 177 0 0.383972
1 0 0 0
0
0 0 0 0.000000 0 0
0 0 0 0.000000 0 0
0 0 0 0.000000 0 0
0 0 0 0.000000 0 0
0 0 0 0.000000 0 0
0 0 0 0.000000 0 0
0 0 0 0.000000 0 0
0 0 0 0.000000 0 0
0 0 0 0.000000 0 0
0 0 0 0.000000 0 0
0 0 0 0.000000 0 0
0 0 0 0.000000 0 0
0 0 0 0.000000 0 0
0 0 0 0.000000 0 0
0 0 0 0.000000 0 0
50 50 255
274 357 0 0 0
0 0 0 0 0
0 0 0 0 0
0 0 0 0 0
0 0 0 0 0
873 465 0 0 0 0
0 0 0 0 0 0
0 0 0 0 0 0
0 0 0 0 0 0
0 0 0 0 0 0
0 0 0 0 0 0
0 0 0 0 0 0
0 0 0 0 0 0
0 0 0 0 0 0
0 0 0 0 0 0
0 0 0 0 0 0
0 0 0 0 0 0
0 0 0 0 0 0
0 0 0 0 0 0
0 0 0 0 0 0
