41 1530
20 20 1120 20 0
1120 20 1120 620 1
1120 620 20 620 0
20 620 20 20 1
20 120 120 120 0
120 120 120 220 1
120 220 120 320 1
120 320 220 320 0
320 320 320 220 1
320 220 420 220 0
420 220 520 220 0
520 220 520 120 1
420 120 320 120 0
320 120 220 120 0
220 320 220 220 1
220 520 320 520 0
320 520 320 420 1
220 420 120 420 0
120 420 120 520 1
320 320 420 320 0
420 320 420 420 1
420 420 420 520 1
420 520 520 520 0
520 520 620 520 0
820 420 820 520 1
920 520 920 420 1
1020 520 1020 420 1
1020 420 1020 320 1
1020 220 920 220 0
920 220 820 220 0
820 220 820 120 1
620 120 620 220 1
720 220 720 120 1
720 220 720 320 1
720 320 620 320 0
620 320 620 420 1
520 420 520 320 1
720 420 720 520 1
820 120 920 120 0
920 120 1020 120 0
920 320 820 320 0
772 474 1 4.118977
1 0 0 0
0
0 0 0 0.000000 0 0
0 0 0 0.000000 0 0
0 0 0 0.000000 0 0
0 0 0 0.000000 0 0
0 0 0 0.000000 0 0
0 0 0 0.000000 0 0
0 0 0 0.000000 0 0
0 0 0 0.000000 0 0
0 0 0 0.000000 0 0
0 780 248 4.398229 0 191
0 747 330 -1.867501 0 200
0 687 591 -1.797690 0 207
0 700 587 1.797690 0 213
0 777 488 -1.623157 0 218
0 777 497 1.623157 0 223
255 50 50
870 472 4 6.178466
1 0 0 0
0
0 0 0 0.000000 0 0
0 0 0 0.000000 0 0
0 0 0 0.000000 0 0
0 0 0 0.000000 0 0
0 0 0 0.000000 0 0
0 0 0 0.000000 0 0
0 0 0 0.000000 0 0
0 0 0 0.000000 0 0
0 0 0 0.000000 0 0
0 0 0 0.000000 0 0
0 0 0 0.000000 0 0
0 0 0 0.000000 0 0
0 0 0 0.000000 0 0
0 0 0 0.000000 0 0
0 0 0 0.000000 0 0
50 255 50
1082 535 1 4.502950
1 0 0 0
0
0 1091 380 5.689773 0 958
0 1091 530 2.792527 0 50
1 939 614 -2.007129 0 50
0 944 623 1.919862 0 51
0 992 456 5.846853 0 51
0 650 413 -3.490659 0 51
0 1151 101 1.134464 0 51
0 992 101 1.919862 0 51
0 704 184 -2.705260 0 51
0 1089 38 1.710423 1 193
0 1100 101 -1.710423 1 204
0 1082 146 4.677483 1 209
1 1008 227 -4.415683 1 216
0 1089 293 -1.099558 1 222
0 0 0 0.000000 0 0
50 50 255
555 279 1 0 1
364 558 0 0 0
0 0 0 0 0
0 0 0 0 0
0 0 0 0 0
466 71 0 0 0 0
0 0 0 0 0 0
0 0 0 0 0 0
0 0 0 0 0 0
0 0 0 0 0 0
0 0 0 0 0 0
0 0 0 0 0 0
0 0 0 0 0 0
0 0 0 0 0 0
0 0 0 0 0 0
0 0 0 0 0 0
0 0 0 0 0 0
0 0 0 0 0 0
0 0 0 0 0 0
0 0 0 0 0 0
