45 1137
20 20 1120 20 0
1120 20 1120 620 1
1120 620 20 620 0
20 620 20 20 1
20 120 120 120 0
220 120 320 120 0
320 120 320 220 1
320 220 320 320 1
320 320 220 320 0
120 320 120 420 1
120 520 220 520 0
220 520 220 420 1
220 420 320 420 0
320 420 420 420 0
520 420 620 420 0
720 420 820 420 0
920 420 920 520 1
920 520 820 520 0
820 520 720 520 0
720 520 620 520 0
620 520 520 520 0
520 520 420 520 0
420 520 320 520 0
420 20 420 120 1
420 120 420 220 1
420 220 520 220 0
720 120 820 120 0
820 120 920 120 0
920 120 920 220 1
920 220 920 320 1
920 320 820 320 0
820 320 720 320 0
720 320 720 220 1
720 220 620 220 0
620 220 620 120 1
520 220 520 320 1
520 320 620 320 0
720 220 820 220 0
920 120 1020 120 0
1020 320 1020 420 1
1020 620 1020 520 1
1020 320 1020 220 1
120 220 220 220 0
320 320 420 320 0
520 20 520 120 1
624 558 0 -1.535889
0 0 0 0
0
0 922 589 0.401425 0 969
0 220 529 3.490659 0 0
0 930 499 1.134464 0 0
0 622 535 -1.919862 0 0
0 22 605 2.705260 0 0
0 634 553 -3.490659 0 68
0 522 553 -4.276057 0 0
0 1042 553 1.221730 0 0
0 1012 189 -2.705260 0 0
0 0 0 0.000000 0 0
0 0 0 0.000000 0 0
0 0 0 0.000000 0 0
0 0 0 0.000000 0 0
0 0 0 0.000000 0 0
0 0 0 0.000000 0 0
255 50 50
673 271 1 4.206243
1 0 0 0
0
0 0 0 0.000000 0 0
0 0 0 0.000000 0 0
0 0 0 0.000000 0 0
0 0 0 0.000000 0 0
0 0 0 0.000000 0 0
0 0 0 0.000000 0 0
0 0 0 0.000000 0 0
0 0 0 0.000000 0 0
0 0 0 0.000000 0 0
0 0 0 0.000000 0 0
0 0 0 0.000000 0 0
0 0 0 0.000000 0 0
0 0 0 0.000000 0 0
0 0 0 0.000000 0 0
0 0 0 0.000000 0 0
50 255 50
173 276 1 7.033677
1 0 0 0
0
0 0 0 0.000000 0 0
0 0 0 0.000000 0 0
0 0 0 0.000000 0 0
0 0 0 0.000000 0 0
0 0 0 0.000000 0 0
0 0 0 0.000000 0 0
0 0 0 0.000000 0 0
0 0 0 0.000000 0 0
0 0 0 0.000000 0 0
0 0 0 0.000000 0 0
0 0 0 0.000000 0 0
0 0 0 0.000000 0 0
0 0 0 0.000000 0 0
0 0 0 0.000000 0 0
0 0 0 0.000000 0 0
50 50 255
65 375 1 0 1
256 70 1 0 1
465 78 1 0 1
0 0 0 0 0
0 0 0 0 0
0 0 0 0 0 0
0 0 0 0 0 0
0 0 0 0 0 0
0 0 0 0 0 0
0 0 0 0 0 0
0 0 0 0 0 0
0 0 0 0 0 0
0 0 0 0 0 0
0 0 0 0 0 0
0 0 0 0 0 0
0 0 0 0 0 0
0 0 0 0 0 0
0 0 0 0 0 0
0 0 0 0 0 0
0 0 0 0 0 0
