45 139
20 20 1120 20 0
1120 20 1120 620 1
1120 620 20 620 0
20 620 20 20 1
20 120 120 120 0
220 220 120 220 0
120 220 120 320 1
120 320 220 320 0
120 420 220 420 0
320 520 220 520 0
120 620 120 520 1
220 20 220 120 1
220 120 320 120 0
320 120 420 120 0
420 120 420 220 1
420 220 520 220 0
620 120 720 120 0
720 120 820 120 0
820 120 820 220 1
820 320 920 320 0
920 320 1020 320 0
1020 320 1020 420 1
1020 420 1020 520 1
1020 520 920 520 0
920 520 820 520 0
820 520 720 520 0
620 520 620 420 1
620 420 520 420 0
520 520 420 520 0
420 520 420 420 1
420 420 320 420 0
320 320 320 220 1
320 320 420 320 0
420 320 520 320 0
520 320 620 320 0
620 320 620 220 1
620 220 720 220 0
720 220 720 320 1
720 320 720 420 1
720 420 820 420 0
820 420 920 420 0
1020 120 1020 220 1
1020 220 920 220 0
920 220 920 120 1
520 220 520 120 1
574 570 0 -2.879793
1 0 0 0
0
0 0 0 0.000000 0 0
0 0 0 0.000000 0 0
0 0 0 0.000000 0 0
0 0 0 0.000000 0 0
0 0 0 0.000000 0 0
0 0 0 0.000000 0 0
0 0 0 0.000000 0 0
0 0 0 0.000000 0 0
0 0 0 0.000000 0 0
1 32 445 6.021385 1 190
0 68 513 -2.967059 1 196
0 122 570 -3.141592 1 202
0 176 481 -2.879793 1 208
0 0 0 0.000000 0 0
0 0 0 0.000000 0 0
255 50 50
871 171 0 4.572763
1 0 0 0
0
0 0 0 0.000000 0 0
0 0 0 0.000000 0 0
0 0 0 0.000000 0 0
0 0 0 0.000000 0 0
0 0 0 0.000000 0 0
0 0 0 0.000000 0 0
0 0 0 0.000000 0 0
0 0 0 0.000000 0 0
0 0 0 0.000000 0 0
0 0 0 0.000000 0 0
0 0 0 0.000000 0 0
0 0 0 0.000000 0 0
0 0 0 0.000000 0 0
0 0 0 0.000000 0 0
0 0 0 0.000000 0 0
50 255 50
274 474 0 0.872665
1 0 0 0
0
0 0 0 0.000000 0 0
0 0 0 0.000000 0 0
0 0 0 0.000000 0 0
0 0 0 0.000000 0 0
0 0 0 0.000000 0 0
0 0 0 0.000000 0 0
0 0 0 0.000000 0 0
0 0 0 0.000000 0 0
0 0 0 0.000000 0 0
0 0 0 0.000000 0 0
0 0 0 0.000000 0 0
0 0 0 0.000000 0 0
0 0 0 0.000000 0 0
0 0 0 0.000000 0 0
0 0 0 0.000000 0 0
50 50 255
0 0 0 0 0
0 0 0 0 0
0 0 0 0 0
0 0 0 0 0
0 0 0 0 0
0 0 0 0 0 0
0 0 0 0 0 0
0 0 0 0 0 0
0 0 0 0 0 0
0 0 0 0 0 0
0 0 0 0 0 0
0 0 0 0 0 0
0 0 0 0 0 0
0 0 0 0 0 0
0 0 0 0 0 0
0 0 0 0 0 0
0 0 0 0 0 0
0 0 0 0 0 0
0 0 0 0 0 0
0 0 0 0 0 0
