43 2122
20 20 1120 20 0
1120 20 1120 620 1
1120 620 20 620 0
20 620 20 20 1
20 120 120 120 0
120 120 220 120 0
420 120 320 120 0
320 120 320 220 1
220 320 320 320 0
320 420 420 420 0
420 420 420 320 1
520 320 520 420 1
520 420 620 420 0
620 420 620 520 1
620 520 720 520 0
720 520 720 420 1
720 420 820 420 0
820 420 820 320 1
820 320 720 320 0
720 320 720 220 1
720 220 820 220 0
820 220 820 120 1
820 120 720 120 0
620 120 520 120 0
420 220 520 220 0
620 220 620 320 1
520 520 420 520 0
420 520 320 520 0
320 520 220 520 0
220 520 120 520 0
120 420 220 420 0
320 220 220 220 0
220 220 120 220 0
120 220 120 320 1
720 520 820 520 0
820 520 920 520 0
920 320 920 420 1
1020 520 1020 420 1
1020 420 1020 320 1
1020 320 1020 220 1
1020 220 1020 120 1
1020 120 920 120 0
920 120 920 220 1
979 378 4 5.462881
1 0 0 0
0
0 0 0 0.000000 0 0
0 0 0 0.000000 0 0
0 0 0 0.000000 0 0
0 0 0 0.000000 0 0
0 0 0 0.000000 0 0
0 0 0 0.000000 0 0
0 0 0 0.000000 0 0
0 0 0 0.000000 0 0
0 0 0 0.000000 0 0
0 296 468 -1.361357 0 0
0 472 286 5.009095 0 247
0 277 382 3.647738 0 228
0 0 0 0.000000 0 0
0 0 0 0.000000 0 0
0 0 0 0.000000 0 0
255 50 50
1079 175 1 5.288348
1 0 0 0
0
0 0 0 0.000000 0 0
0 0 0 0.000000 0 0
0 0 0 0.000000 0 0
0 0 0 0.000000 0 0
0 0 0 0.000000 0 0
0 0 0 0.000000 0 0
0 0 0 0.000000 0 0
0 0 0 0.000000 0 0
0 0 0 0.000000 0 0
0 0 0 0.000000 0 0
0 0 0 0.000000 0 0
0 0 0 0.000000 0 0
0 0 0 0.000000 0 0
0 0 0 0.000000 0 0
0 0 0 0.000000 0 0
50 255 50
722 67 4 6.318092
1 0 0 0
0
0 851 586 18.814646 0 947
1 950 613 -0.349066 0 89
0 895 559 -1.134464 0 89
0 818 559 -1.919862 0 89
0 752 606 -2.705260 0 89
0 752 553 3.490659 0 89
0 831 487 -1.134464 0 89
0 884 487 5.061455 0 89
0 941 546 5.846853 0 90
0 0 0 0.000000 0 0
0 0 0 0.000000 0 0
0 0 0 0.000000 0 0
0 0 0 0.000000 0 0
0 0 0 0.000000 0 0
0 0 0 0.000000 0 0
50 50 255
974 373 1 0 0
863 170 0 0 0
0 0 0 0 0
0 0 0 0 0
0 0 0 0 0
285 360 0 0 0 0
0 0 0 0 0 0
0 0 0 0 0 0
0 0 0 0 0 0
0 0 0 0 0 0
0 0 0 0 0 0
0 0 0 0 0 0
0 0 0 0 0 0
0 0 0 0 0 0
0 0 0 0 0 0
0 0 0 0 0 0
0 0 0 0 0 0
0 0 0 0 0 0
0 0 0 0 0 0
0 0 0 0 0 0
