48 2905
20 20 1120 20 0
1120 20 1120 620 1
1120 620 20 620 0
20 620 20 20 1
120 120 120 220 1
120 220 120 320 1
120 320 220 320 0
220 320 220 420 1
220 420 220 520 1
220 520 120 520 0
120 520 120 420 1
220 120 320 120 0
320 120 320 220 1
320 220 420 220 0
520 120 620 120 0
620 120 720 120 0
720 120 720 220 1
720 220 720 320 1
720 320 620 320 0
620 320 620 220 1
620 220 520 220 0
520 220 520 320 1
520 320 420 320 0
420 320 420 420 1
420 420 320 420 0
320 520 420 520 0
420 520 520 520 0
520 520 620 520 0
620 520 720 520 0
720 420 820 420 0
820 320 820 220 1
820 220 920 220 0
920 220 920 120 1
920 120 1020 120 0
1020 120 1020 220 1
1020 220 1020 320 1
1020 320 1020 420 1
1020 420 920 420 0
920 420 920 320 1
920 420 920 520 1
920 520 820 520 0
920 120 820 120 0
1020 620 1020 520 1
120 220 220 220 0
220 320 320 320 0
420 220 420 120 1
420 420 520 420 0
620 520 620 420 1
70 376 6 4.799655
1 0 0 0
0
0 385 373 3.054326 0 993
0 0 0 0.000000 0 0
0 0 0 0.000000 0 0
0 0 0 0.000000 0 0
0 0 0 0.000000 0 0
0 0 0 0.000000 0 0
0 0 0 0.000000 0 0
0 0 0 0.000000 0 0
0 0 0 0.000000 0 0
0 656 535 -4.590215 0 134
0 419 464 6.108652 0 147
0 563 570 6.283185 0 153
0 302 465 -6.021386 0 160
0 0 0 0.000000 0 0
0 0 0 0.000000 0 0
255 50 50
270 370 19 3.385939
1 0 0 0
0
0 0 0 0.000000 0 0
0 0 0 0.000000 0 0
0 0 0 0.000000 0 0
0 0 0 0.000000 0 0
0 0 0 0.000000 0 0
0 0 0 0.000000 0 0
0 0 0 0.000000 0 0
0 0 0 0.000000 0 0
0 0 0 0.000000 0 0
0 0 0 0.000000 0 0
0 0 0 0.000000 0 0
0 0 0 0.000000 0 0
0 0 0 0.000000 0 0
0 0 0 0.000000 0 0
0 0 0 0.000000 0 0
50 255 50
977 174 5 2.426008
1 0 0 0
0
0 0 0 0.000000 0 0
0 0 0 0.000000 0 0
0 0 0 0.000000 0 0
0 0 0 0.000000 0 0
0 0 0 0.000000 0 0
0 0 0 0.000000 0 0
0 0 0 0.000000 0 0
0 0 0 0.000000 0 0
0 0 0 0.000000 0 0
0 641 72 -4.572762 0 239
0 0 0 0.000000 0 0
0 0 0 0.000000 0 0
0 0 0 0.000000 0 0
0 0 0 0.000000 0 0
0 0 0 0.000000 0 0
50 50 255
378 69 0 0 1
756 582 1 0 1
563 483 0 0 1
155 63 1 0 1
479 565 1 0 1
0 0 0 0 0 0
0 0 0 0 0 0
0 0 0 0 0 0
0 0 0 0 0 0
0 0 0 0 0 0
0 0 0 0 0 0
0 0 0 0 0 0
0 0 0 0 0 0
0 0 0 0 0 0
0 0 0 0 0 0
0 0 0 0 0 0
0 0 0 0 0 0
0 0 0 0 0 0
0 0 0 0 0 0
0 0 0 0 0 0
