44 697
20 20 1120 20 0
1120 20 1120 620 1
1120 620 20 620 0
20 620 20 20 1
20 120 120 120 0
120 120 120 220 1
120 420 120 320 1
120 320 220 320 0
220 420 220 520 1
220 520 120 520 0
220 20 220 120 1
220 220 320 220 0
320 220 420 220 0
420 220 520 220 0
520 220 520 120 1
520 120 620 120 0
720 120 820 120 0
820 120 820 220 1
820 220 820 320 1
920 320 920 420 1
920 420 820 420 0
820 420 720 420 0
720 420 720 320 1
720 320 620 320 0
620 320 520 320 0
520 320 420 320 0
420 320 320 320 0
520 520 420 520 0
420 520 320 520 0
320 520 320 420 1
320 420 420 420 0
420 420 520 420 0
520 420 620 420 0
620 520 720 520 0
1020 520 920 520 0
920 520 820 520 0
920 120 1020 120 0
1020 120 1020 220 1
1020 220 1020 320 1
1020 520 1020 420 1
320 120 420 120 0
520 220 620 220 0
620 220 720 220 0
820 220 920 220 0
723 471 2 3.961897
1 0 0 0
0
0 271 355 3.281219 0 963
1 460 412 -0.349066 0 79
0 275 544 2.007129 0 79
0 238 544 1.221730 0 79
0 82 391 -2.705260 0 79
0 154 292 -0.349066 0 79
0 259 274 1.134464 0 79
0 331 265 -5.061455 0 80
0 451 371 -5.846853 0 80
0 367 393 -3.961897 1 193
0 403 351 -3.961897 1 199
0 433 330 3.961897 1 204
0 457 358 3.961897 1 208
0 487 393 3.961897 1 213
0 523 407 -3.961897 1 219
255 50 50
175 78 1 0.366519
1 0 0 0
0
0 0 0 0.000000 0 0
0 0 0 0.000000 0 0
0 0 0 0.000000 0 0
0 0 0 0.000000 0 0
0 0 0 0.000000 0 0
0 0 0 0.000000 0 0
0 0 0 0.000000 0 0
0 0 0 0.000000 0 0
0 0 0 0.000000 0 0
0 0 0 0.000000 0 0
0 0 0 0.000000 0 0
0 0 0 0.000000 0 0
0 0 0 0.000000 0 0
0 0 0 0.000000 0 0
0 0 0 0.000000 0 0
50 255 50
671 275 0 0.157080
1 0 0 0
0
0 0 0 0.000000 0 0
0 0 0 0.000000 0 0
0 0 0 0.000000 0 0
0 0 0 0.000000 0 0
0 0 0 0.000000 0 0
0 0 0 0.000000 0 0
0 0 0 0.000000 0 0
0 0 0 0.000000 0 0
0 0 0 0.000000 0 0
0 0 0 0.000000 0 0
0 0 0 0.000000 0 0
0 0 0 0.000000 0 0
0 0 0 0.000000 0 0
0 0 0 0.000000 0 0
0 0 0 0.000000 0 0
50 50 255
664 59 0 0 0
0 0 0 0 0
0 0 0 0 0
0 0 0 0 0
0 0 0 0 0
0 0 0 0 0 0
0 0 0 0 0 0
0 0 0 0 0 0
0 0 0 0 0 0
0 0 0 0 0 0
0 0 0 0 0 0
0 0 0 0 0 0
0 0 0 0 0 0
0 0 0 0 0 0
0 0 0 0 0 0
0 0 0 0 0 0
0 0 0 0 0 0
0 0 0 0 0 0
0 0 0 0 0 0
0 0 0 0 0 0
