43 1411
20 20 1120 20 0
1120 20 1120 620 1
1120 620 20 620 0
20 620 20 20 1
20 120 120 120 0
120 120 220 120 0
220 120 320 120 0
320 120 420 120 0
420 120 520 120 0
520 120 520 220 1
620 120 720 120 0
820 120 920 120 0
1020 120 1020 220 1
1020 220 920 220 0
920 220 920 320 1
920 320 920 420 1
820 420 820 320 1
720 220 620 220 0
620 220 620 320 1
620 320 520 320 0
420 320 320 320 0
320 420 320 520 1
220 520 120 520 0
120 520 120 420 1
120 320 220 320 0
220 320 220 220 1
220 220 120 220 0
120 420 220 420 0
320 120 320 220 1
420 320 420 220 1
420 320 420 420 1
420 420 520 420 0
520 420 520 520 1
520 520 620 520 0
820 520 920 520 0
920 520 1020 520 0
1020 520 1020 420 1
1020 420 1020 320 1
420 620 420 520 1
620 420 720 420 0
720 420 720 320 1
720 420 720 520 1
820 120 820 220 1
1034 307 0 5.113814
0 0 0 0
0
0 0 0 0.000000 0 0
0 0 0 0.000000 0 0
0 0 0 0.000000 0 0
0 0 0 0.000000 0 0
0 0 0 0.000000 0 0
0 0 0 0.000000 0 0
0 0 0 0.000000 0 0
0 0 0 0.000000 0 0
0 0 0 0.000000 0 0
0 983 99 2.914700 0 0
0 983 27 -9.564404 0 0
0 -705 -515 3.804818 0 0
0 1026 292 2.129302 0 8
0 41 603 -3.717551 0 0
0 1016 58 2.914700 0 0
255 50 50
174 573 1 3.228859
1 0 0 0
0
0 0 0 0.000000 0 0
0 0 0 0.000000 0 0
0 0 0 0.000000 0 0
0 0 0 0.000000 0 0
0 0 0 0.000000 0 0
0 0 0 0.000000 0 0
0 0 0 0.000000 0 0
0 0 0 0.000000 0 0
0 0 0 0.000000 0 0
0 0 0 0.000000 0 0
0 0 0 0.000000 0 0
0 0 0 0.000000 0 0
0 0 0 0.000000 0 0
0 0 0 0.000000 0 0
0 0 0 0.000000 0 0
50 255 50
80 213 1 1.675516
1 1 2 0
1
0 46 521 1.675516 1 968
0 728 613 -3.490659 0 0
0 834 211 -4.276057 0 0
0 302 229 -1.919862 0 0
0 494 499 -15.271631 0 0
0 494 385 3.490659 0 0
0 450 391 -1.134464 0 0
0 902 247 -5.061455 0 0
0 710 467 -6.719518 0 0
0 0 0 0.000000 0 0
0 0 0 0.000000 0 0
0 0 0 0.000000 0 0
0 0 0 0.000000 0 0
0 0 0 0.000000 0 0
0 0 0 0.000000 0 0
50 50 255
958 67 1 0 1
164 78 1 0 1
67 167 0 0 1
0 0 0 0 0
0 0 0 0 0
0 0 0 0 0 0
0 0 0 0 0 0
0 0 0 0 0 0
0 0 0 0 0 0
0 0 0 0 0 0
0 0 0 0 0 0
0 0 0 0 0 0
0 0 0 0 0 0
0 0 0 0 0 0
0 0 0 0 0 0
0 0 0 0 0 0
0 0 0 0 0 0
0 0 0 0 0 0
0 0 0 0 0 0
0 0 0 0 0 0
