43 1368
20 20 1120 20 0
1120 20 1120 620 1
1120 620 20 620 0
20 620 20 20 1
20 120 120 120 0
120 120 220 120 0
220 120 320 120 0
320 120 320 220 1
320 220 420 220 0
520 120 520 220 1
520 420 520 320 1
320 320 220 320 0
220 320 120 320 0
120 220 220 220 0
220 320 220 420 1
220 420 120 420 0
120 420 120 520 1
220 520 320 520 0
320 520 420 520 0
620 520 520 520 0
620 120 720 120 0
720 120 720 220 1
720 220 720 320 1
720 320 720 420 1
720 420 620 420 0
620 420 620 320 1
620 320 620 220 1
720 520 820 520 0
820 420 820 320 1
820 320 820 220 1
820 220 920 220 0
920 220 1020 220 0
1020 220 1020 120 1
1020 120 920 120 0
920 120 820 120 0
820 320 920 320 0
920 320 920 420 1
1020 520 920 520 0
1020 220 1020 320 1
1020 320 1020 420 1
320 420 420 420 0
420 420 420 320 1
420 220 420 120 1
778 234 1 1.623157
1 0 0 0
0
0 0 0 0.000000 0 0
0 0 0 0.000000 0 0
0 0 0 0.000000 0 0
0 0 0 0.000000 0 0
0 0 0 0.000000 0 0
0 0 0 0.000000 0 0
0 0 0 0.000000 0 0
0 0 0 0.000000 0 0
0 0 0 0.000000 0 0
0 786 266 4.398229 1 193
0 749 339 -1.867501 1 201
0 689 600 -1.797690 1 208
0 702 578 1.797690 1 214
0 777 497 -1.623157 1 219
0 777 488 1.623157 1 224
255 50 50
277 173 3 2.007129
1 0 0 0
0
0 0 0 0.000000 0 0
0 0 0 0.000000 0 0
0 0 0 0.000000 0 0
0 0 0 0.000000 0 0
0 0 0 0.000000 0 0
0 0 0 0.000000 0 0
0 0 0 0.000000 0 0
0 0 0 0.000000 0 0
0 0 0 0.000000 0 0
0 0 0 0.000000 0 0
0 0 0 0.000000 0 0
0 0 0 0.000000 0 0
0 0 0 0.000000 0 0
0 0 0 0.000000 0 0
0 0 0 0.000000 0 0
50 255 50
432 71 1 -0.087266
0 0 0 0
0
0 1091 380 5.689773 0 958
0 1091 530 2.792527 0 50
1 939 614 -2.007129 0 50
0 944 623 1.919862 0 51
0 992 456 5.846853 0 51
0 650 413 -3.490659 0 51
0 1151 101 1.134464 0 51
0 992 101 1.919862 0 51
0 704 184 -2.705260 0 51
0 669 279 5.235989 0 0
0 977 515 13.351768 0 0
0 977 515 13.351768 0 0
0 0 0 0.000000 0 0
0 0 0 0.000000 0 0
0 0 0 0.000000 0 0
50 50 255
1056 472 0 0 1
364 558 0 0 1
0 0 0 0 0
0 0 0 0 0
0 0 0 0 0
466 71 0 0 0 0
0 0 0 0 0 0
0 0 0 0 0 0
0 0 0 0 0 0
0 0 0 0 0 0
0 0 0 0 0 0
0 0 0 0 0 0
0 0 0 0 0 0
0 0 0 0 0 0
0 0 0 0 0 0
0 0 0 0 0 0
0 0 0 0 0 0
0 0 0 0 0 0
0 0 0 0 0 0
0 0 0 0 0 0
