41 204
20 20 1120 20 0
1120 20 1120 620 1
1120 620 20 620 0
20 620 20 20 1
20 120 120 120 0
120 120 220 120 0
220 120 220 220 1
220 220 220 320 1
220 320 320 320 0
320 220 320 120 1
320 120 420 120 0
420 120 520 120 0
520 120 620 120 0
620 120 720 120 0
720 120 820 120 0
920 120 1020 120 0
1020 120 1020 220 1
1020 220 1020 320 1
1020 320 920 320 0
920 420 1020 420 0
1020 420 1020 520 1
1020 520 920 520 0
820 520 820 420 1
820 320 820 220 1
820 220 920 220 0
120 220 120 320 1
120 420 220 420 0
320 520 420 520 0
420 520 520 520 0
620 520 620 420 1
720 420 720 520 1
720 220 620 220 0
520 420 420 420 0
320 520 320 420 1
320 520 220 520 0
220 520 120 520 0
320 220 420 220 0
420 220 420 320 1
620 320 520 320 0
520 320 520 220 1
620 320 720 320 0
71 177 1 3.351032
1 0 0 0
0
0 0 0 0.000000 0 0
0 0 0 0.000000 0 0
0 0 0 0.000000 0 0
0 0 0 0.000000 0 0
0 0 0 0.000000 0 0
0 0 0 0.000000 0 0
0 0 0 0.000000 0 0
0 0 0 0.000000 0 0
0 0 0 0.000000 0 0
0 275 459 -6.021385 0 163
0 419 464 6.108652 0 147
0 563 570 6.283185 0 153
0 302 465 -6.021386 0 160
0 0 0 0.000000 0 0
0 0 0 0.000000 0 0
255 50 50
970 70 2 2.565634
1 0 0 0
0
0 0 0 0.000000 0 0
0 0 0 0.000000 0 0
0 0 0 0.000000 0 0
0 0 0 0.000000 0 0
0 0 0 0.000000 0 0
0 0 0 0.000000 0 0
0 0 0 0.000000 0 0
0 0 0 0.000000 0 0
0 0 0 0.000000 0 0
0 0 0 0.000000 0 0
0 0 0 0.000000 0 0
0 0 0 0.000000 0 0
0 0 0 0.000000 0 0
0 0 0 0.000000 0 0
0 0 0 0.000000 0 0
50 255 50
978 477 0 3.438299
1 0 0 0
0
0 0 0 0.000000 0 0
0 0 0 0.000000 0 0
0 0 0 0.000000 0 0
0 0 0 0.000000 0 0
0 0 0 0.000000 0 0
0 0 0 0.000000 0 0
0 0 0 0.000000 0 0
0 0 0 0.000000 0 0
0 0 0 0.000000 0 0
0 0 0 0.000000 0 0
0 0 0 0.000000 0 0
0 0 0 0.000000 0 0
0 0 0 0.000000 0 0
0 0 0 0.000000 0 0
0 0 0 0.000000 0 0
50 50 255
0 0 0 0 0
0 0 0 0 0
0 0 0 0 0
0 0 0 0 0
0 0 0 0 0
0 0 0 0 0 0
0 0 0 0 0 0
0 0 0 0 0 0
0 0 0 0 0 0
0 0 0 0 0 0
0 0 0 0 0 0
0 0 0 0 0 0
0 0 0 0 0 0
0 0 0 0 0 0
0 0 0 0 0 0
0 0 0 0 0 0
0 0 0 0 0 0
0 0 0 0 0 0
0 0 0 0 0 0
0 0 0 0 0 0
